index,0,1,2
26457,0.11910680791469835,0.17817813417294295,0.7027150579123588
26458,0.32874157772835316,0.21605055855470223,0.45520786371694466
26459,0.03619165218173007,0.07268207822738501,0.8911262695908848
26460,0.05472923797852576,0.0786002504157133,0.8666705116057609
26461,0.09243358396020131,0.2301725324994493,0.6773938835403496
26462,0.05059165928366029,0.13760229788658476,0.8118060428297549
26463,0.6448009115605158,0.33536539606893717,0.019833692370547062
26464,0.050377634654908784,0.08770243133277131,0.8619199340123199
26465,0.06095455160733292,0.08616316445468442,0.8528822839379825
26466,0.06123585104651826,0.2836456009965121,0.6551185479569697
26467,0.1227201781761129,0.10407387161078574,0.7732059502131013
26468,0.04334735060585353,0.08363847175134459,0.8730141776428016
26469,0.5703395072056905,0.10525077640849682,0.3244097163858128
26470,0.07366471948286074,0.42396130279807154,0.5023739777190676
26471,0.10884909017658696,0.14607324440345343,0.7450776654199597
26472,0.07219644032834166,0.3065316763309646,0.6212718833406937
26473,0.047391746357057035,0.07527550755988342,0.8773327460830597
26474,0.2886310298407351,0.6899844090400111,0.021384561119253655
26475,0.33320615925507563,0.15731424879548694,0.5094795919494374
26476,0.03878383418389944,0.0857016755535877,0.8755144902625127
26477,0.19530237871342943,0.20441157209488478,0.6002860491916857
26478,0.059378583113994576,0.08012168210535806,0.8604997347806473
26479,0.04085995763492394,0.07756075817703569,0.8815792841880403
26480,0.05895695103750319,0.0759237605998006,0.8651192883626962
26481,0.05688696870526737,0.2579618708799682,0.6851511604147644
26482,0.12421325858954925,0.10328653764815142,0.7725002037622994
26483,0.05331359492774381,0.13054302374120255,0.8161433813310538
26484,0.0625134705166383,0.12415909254821701,0.8133274369351448
26485,0.03818232824138409,0.06888458778444848,0.8929330839741674
26486,0.0788155539592626,0.14067010416764433,0.780514341873093
26487,0.06672352585316373,0.09702950056459367,0.8362469735822426
26488,0.35052028132688573,0.6135075154718318,0.035972203201282395
26489,0.06667021243294217,0.23919595520801595,0.6941338323590418
26490,0.06849641446146701,0.13154464874900973,0.7999589367895233
26491,0.04887059417982251,0.13480319697160614,0.8163262088485715
26492,0.05908697223631124,0.33851081424405155,0.6024022135196372
26493,0.183441251384422,0.8084547708522426,0.008103977763335374
26494,0.07583335111651335,0.42831895303325096,0.4958476958502356
26495,0.05082811112849928,0.08064190371461384,0.868529985156887
26496,0.07486174058980112,0.16297334896672389,0.7621649104434748
26497,0.029374140790717967,0.8401520702886129,0.1304737889206693
26498,0.15867553238355464,0.5310658196063968,0.31025864801004865
26499,0.10969855399333807,0.13887115622055807,0.7514302897861038
26500,0.08167085870674858,0.4007525613655762,0.5175765799276753
26501,0.088080653206005,0.39206117890947806,0.519858167884517
26502,0.0691444430639045,0.09499954031121914,0.8358560166248763
26503,0.08963311724868231,0.37556242523455435,0.5348044575167632
26504,0.11890648598908841,0.1850362508237725,0.696057263187139
26505,0.05334621151824509,0.08553900966731769,0.8611147788144372
26506,0.14031433548055863,0.8311895530307589,0.02849611148868233
26507,0.1044375243420196,0.875714146524081,0.019848329133899566
26508,0.11953817526687033,0.18144135033690445,0.6990204743962252
26509,0.11634408399431004,0.15476983811262107,0.7288860778930689
26510,0.06416292689041826,0.20953979487166507,0.7262972782379167
26511,0.04728919704299206,0.06997177043248737,0.8827390325245207
26512,0.09587007133312853,0.16526156786533863,0.738868360801533
26513,0.1278463855570009,0.20453207640243534,0.6676215380405638
26514,0.045957806890023184,0.08291947080370458,0.8711227223062722
26515,0.37068171722533716,0.1157656328267296,0.5135526499479331
26516,0.06747622938958742,0.24846594580020395,0.6840578248102086
26517,0.19297656002644428,0.788155342521009,0.018868097452546726
26518,0.038271665336038846,0.0750891615604571,0.8866391731035039
26519,0.39123911401551426,0.09885732572073518,0.5099035602637506
26520,0.027129961741581513,0.8417405782421478,0.13112946001627068
26521,0.07040562557961942,0.2610937227511706,0.66850065166921
26522,0.19674621095554218,0.15116068435442417,0.6520931046900336
26523,0.1034948626650007,0.16072237594712196,0.7357827613878773
26524,0.0813747028977829,0.1981350422989316,0.7204902548032854
26525,0.12099205915790219,0.23056497304988963,0.6484429677922081
26526,0.04605542650310761,0.07678025499026403,0.8771643185066281
26527,0.13937819511369848,0.28231021429975645,0.578311590586545
26528,0.08513466221563709,0.8991560041611437,0.015709333623219243
26529,0.4451686779851618,0.10826844434982574,0.4465628776650125
26530,0.09959225638002721,0.1365300322824074,0.7638777113375652
26531,0.057746115704512074,0.18725020740208848,0.7550036768933996
26532,0.12779870184728898,0.1487450575118599,0.7234562406408511
26533,0.10001657166220264,0.14313067616834751,0.7568527521694498
26534,0.03916217376242313,0.08351475510599549,0.8773230711315815
26535,0.04586064276390851,0.07177424175151394,0.8823651154845775
26536,0.09821561737886074,0.16733220876218705,0.7344521738589523
26537,0.06494323684628317,0.09038859265758291,0.844668170496134
26538,0.06492438872071611,0.27411571199574614,0.6609598992835378
26539,0.04819783936028997,0.12928967041644393,0.822512490223266
26540,0.3109053818102066,0.15353340863960638,0.535561209550187
26541,0.05266765726702404,0.09624589612170853,0.8510864466112674
26542,0.05926631137204294,0.11475604716088945,0.8259776414670676
26543,0.06368938969237511,0.09386168548304898,0.842448924824576
26544,0.13562252986817624,0.17529102762889973,0.689086442502924
26545,0.13174597223651327,0.3326066181218727,0.535647409641614
26546,0.04772709956883777,0.09018312277486427,0.862089777656298
26547,0.047617352898562344,0.06859034113119147,0.8837923059702462
26548,0.05139549192594853,0.10255203088563453,0.846052477188417
26549,0.19338954279588813,0.7956114581298431,0.010998999074268703
26550,0.050540947116783995,0.14461465021623782,0.8048444026669782
26551,0.04966575092570704,0.14066726379856248,0.8096669852757308
26552,0.05107748438315299,0.17588204903196356,0.7730404665848833
26553,0.05061557324290454,0.08251716435964916,0.8668672623974464
26554,0.10526788728452954,0.3441224198170588,0.5506096928984118
26555,0.12069675046575894,0.12740200754038472,0.7519012419938563
26556,0.06655581346831657,0.2718772696693568,0.6615669168623267
26557,0.06270870611814318,0.09720224350874253,0.8400890503731141
26558,0.572952074226609,0.09908958250040262,0.3279583432729885
26559,0.28238850759491685,0.10157979235638392,0.6160317000486991
26560,0.06601854354994231,0.10215956758621081,0.8318218888638468
26561,0.05732706421776474,0.24714217083044954,0.6955307649517857
26562,0.04299859972471371,0.06958758747812654,0.8874138127971597
26563,0.04608182922076964,0.08031721875926492,0.8736009520199655
26564,0.09859433223784378,0.14580018893267022,0.7556054788294858
26565,0.09653464152717452,0.3936272610050799,0.5098380974677456
26566,0.0676516000607851,0.2092878540980953,0.7230605458411196
26567,0.08622967220533319,0.14677004781780972,0.7670002799768572
26568,0.4691481806122657,0.5033629041968416,0.02748891519089261
26569,0.045024980815189505,0.10070706457143391,0.8542679546133766
26570,0.054495205429160865,0.6392257357238532,0.3062790588469859
26571,0.064486583975329,0.0906656693020524,0.8448477467226188
26572,0.06529600851207254,0.1669329128756378,0.7677710786122897
26573,0.10882658854156563,0.12781421234290966,0.7633591991155246
26574,0.20068294104670237,0.09633090206825323,0.7029861568850444
26575,0.07848948091388631,0.11241597179978827,0.8090945472863255
26576,0.07716065496464,0.10570253892391095,0.817136806111449
26577,0.1055417896233119,0.12726763921032558,0.7671905711663627
26578,0.3126744701769435,0.3792151036790111,0.30811042614404544
26579,0.22827137293076605,0.7586804413145244,0.013048185754709556
26580,0.058442660439205506,0.10560986019052257,0.8359474793702719
26581,0.10638825694730952,0.1665249817043114,0.7270867613483791
26582,0.05112491850687772,0.09399375891555237,0.8548813225775699
26583,0.0441020322238313,0.06827979240620854,0.8876181753699601
26584,0.09662530433388918,0.15467734563902844,0.7486973500270824
26585,0.11203761282152008,0.47660090012525325,0.41136148705322656
26586,0.30992060775731706,0.2600907958138115,0.42998859642887144
26587,0.3346787225996089,0.41840267590603675,0.24691860149435438
26588,0.0481133372836017,0.12571656026278638,0.8261701024536119
26589,0.13370785806799443,0.10245191889330525,0.7638402230387004
26590,0.1116362556804887,0.37365447253991835,0.5147092717795929
26591,0.14927077879821452,0.8277567580651642,0.022972463136621164
26592,0.443695166849431,0.10502870294510339,0.45127613020546564
26593,0.04966135222517803,0.5967156596370549,0.3536229881377671
26594,0.05226189817677568,0.0846520919439935,0.8630860098792309
26595,0.04129541548749341,0.0651518047001241,0.8935527798123825
26596,0.07187000750452506,0.10062250139961584,0.8275074910958589
26597,0.6195664536211938,0.2461346254608306,0.1342989209179757
26598,0.0545023414637959,0.14046975368472153,0.8050279048514826
26599,0.053551563673896886,0.08650531782130831,0.859943118504795
26600,0.040682336079662,0.0677142140104454,0.8916034499098925
26601,0.05614120181502311,0.14941327557832693,0.79444552260665
26602,0.05182981007926924,0.17872226499094265,0.7694479249297881
26603,0.06380291369564674,0.12242917228200804,0.8137679140223452
26604,0.043926148817030344,0.08038653274907497,0.8756873184338948
26605,0.03612142545013376,0.060745293931502825,0.9031332806183634
26606,0.07151504605979793,0.4075731802164096,0.5209117737237925
26607,0.1104480597679426,0.8604290294006667,0.029122910831390895
26608,0.04491657247410328,0.08644507533656126,0.8686383521893355
26609,0.05255758266148289,0.10316125074512833,0.8442811665933888
26610,0.21227072010956996,0.7483241541044718,0.03940512578595826
26611,0.1111821828832284,0.20702757065200605,0.6817902464647657
26612,0.11854484687004463,0.41645791097076235,0.46499724215919297
26613,0.07041091145571932,0.16474544204825117,0.7648436464960294
26614,0.10959747017568905,0.1418133576608382,0.7485891721634728
26615,0.12250278613412804,0.17134451924863386,0.7061526946172381
26616,0.042587745252839586,0.06823011544079145,0.889182139306369
26617,0.07975216518821189,0.1322210788442376,0.7880267559675506
26618,0.04928794647725387,0.08156167503952816,0.869150378483218
26619,0.07683063251572614,0.16108586985739295,0.7620834976268808
26620,0.13707486814955935,0.8154304348532472,0.04749469699719347
26621,0.04679756482135058,0.08002848722392923,0.87317394795472
26622,0.0662363280129073,0.6044932565808931,0.3292704154061996
26623,0.05256126281961723,0.49975661629915646,0.4476821208812262
26624,0.08360931735530822,0.10990256220865277,0.806488120436039
26625,0.6843750442352551,0.11714156417788141,0.19848339158686343
26626,0.297713548338738,0.11621965110343672,0.5860668005578253
26627,0.049583120746005474,0.08166620152374551,0.868750677730249
26628,0.038134907298098715,0.0906523747219298,0.8712127179799715
26629,0.04080766879834727,0.09105560973014509,0.8681367214715077
26630,0.04985869404298427,0.09532371246138543,0.8548175934956304
26631,0.04309098631803049,0.06404146120741308,0.8928675524745565
26632,0.5277931564631203,0.08318859118042128,0.38901825235645854
26633,0.059202389720875485,0.10645483883636031,0.834342771442764
26634,0.049377701840750944,0.07689252105708011,0.873729777102169
26635,0.05906655840507465,0.23220131182513845,0.7087321297697868
26636,0.06744761360199848,0.31267440216715914,0.6198779842308423
26637,0.04373945207675527,0.1068158695767383,0.8494446783465064
26638,0.041355837257921975,0.7684329424923372,0.1902112202497408
26639,0.11836161902797464,0.6927505340374148,0.1888878469346107
26640,0.38309442381862696,0.1548269230649092,0.4620786531164638
26641,0.13955864458711884,0.6007957387075071,0.25964561670537406
26642,0.05742317172913491,0.09315428767914286,0.8494225405917222
26643,0.060999954803794054,0.21601752427574375,0.7229825209204621
26644,0.05802630101067915,0.11218484357005384,0.829788855419267
26645,0.05641400272262342,0.10571595876268144,0.8378700385146953
26646,0.6246987305919629,0.1323509873951112,0.242950282012926
26647,0.038995723442675656,0.06279066362788907,0.8982136129294354
26648,0.043801036340183,0.5983007530466359,0.35789821061318117
26649,0.06469269132708767,0.09584144983982001,0.8394658588330923
26650,0.4525321282692248,0.5106346050657179,0.036833266665057283
26651,0.23167528112735325,0.7474290193955525,0.020895699477094264
26652,0.2499962349355644,0.11993498769246055,0.6300687773719752
26653,0.2735842498114367,0.14813458891373651,0.5782811612748268
26654,0.055120630877613964,0.7292213957691724,0.21565797335321366
26655,0.05194139769081837,0.5668534414104234,0.3812051608987582
26656,0.05843993960360434,0.10401017626987155,0.8375498841265241
26657,0.0691816084763018,0.3832198037150107,0.5475985878086875
26658,0.05665678070237703,0.2502214110211399,0.693121808276483
26659,0.1277104253596836,0.22159162561052237,0.6506979490297939
26660,0.059132724739836676,0.2376894594773557,0.7031778157828078
26661,0.2075745108284672,0.17906693616211433,0.6133585530094184
26662,0.057241066551162546,0.28794925889496015,0.6548096745538774
26663,0.05637120282487464,0.16616888660103102,0.7774599105740942
26664,0.14238186601161298,0.13848155848938576,0.7191365754990012
26665,0.163620044550565,0.20529220265044776,0.6310877527989873
26666,0.07076930180571424,0.44130698291954973,0.48792371527473605
26667,0.0332625497793965,0.06662737332822953,0.9001100768923738
26668,0.05093003449009156,0.5043512086670752,0.44471875684283335
26669,0.2274217170013036,0.2706355194661924,0.501942763532504
26670,0.302671424058531,0.2718401374547939,0.42548843848667517
26671,0.05310240144663106,0.5699726807133066,0.37692491784006227
26672,0.05221353031638516,0.08832169999096416,0.8594647696926507
26673,0.1050703737573819,0.1402092213827476,0.7547204048598706
26674,0.6389323648520183,0.07559667078804853,0.2854709643599331
26675,0.042098765911427506,0.09651622843172426,0.8613850056568481
26676,0.053878043889792525,0.12263456058911681,0.8234873955210907
26677,0.047409650166922945,0.07387453619008838,0.8787158136429887
26678,0.07122162845012968,0.20419423488256785,0.7245841366673024
26679,0.1253597061726724,0.1533199834450635,0.7213203103822642
26680,0.058288112663192164,0.2486060024844335,0.6931058848523745
26681,0.038793836955580474,0.08453171658014404,0.8766744464642755
26682,0.04224591380559161,0.09362478290045706,0.8641293032939513
26683,0.06863354728167971,0.2766138254688205,0.6547526272495
26684,0.10149518728685794,0.1544481493159184,0.7440566633972235
26685,0.24592268137452836,0.11752498738545453,0.636552331240017
26686,0.04282679913755392,0.08578964946052595,0.8713835514019201
26687,0.11826121410923113,0.1834762246543383,0.6982625612364306
26688,0.270189101443073,0.4692784336893694,0.26053246486755754
26689,0.0916861474132889,0.14193708527450302,0.7663767673122079
26690,0.03958697541293899,0.07657012908333698,0.8838428955037241
26691,0.162101082398217,0.3392540595028143,0.49864485809896875
26692,0.055815066358354204,0.311909505004625,0.6322754286370207
26693,0.38722823156891606,0.11408255014046247,0.4986892182906214
26694,0.5722786218529866,0.4108524601971288,0.016868917949884536
26695,0.056794259921216894,0.0906798057441561,0.852525934334627
26696,0.04665487843249456,0.07560145871750315,0.8777436628500024
26697,0.03660835077688601,0.06269691243633436,0.9006947367867795
26698,0.043178677660928755,0.06079560790786456,0.8960257144312065
26699,0.07032743367779659,0.4594039795080048,0.47026858681419864
26700,0.06170979521605041,0.41556575041709365,0.522724454366856
26701,0.17108402288154584,0.4087289439282947,0.4201870331901595
26702,0.10074315060251796,0.33429094213055444,0.5649659072669276
26703,0.057038306215680804,0.10944097154253131,0.833520722241788
26704,0.046398764631580124,0.08603366994208303,0.8675675654263368
26705,0.04760546807546612,0.06469733000443503,0.8876972019200987
26706,0.0518521817252499,0.08965563106193293,0.8584921872128172
26707,0.2566092212869203,0.13184969552775389,0.6115410831853257
26708,0.03902567741126436,0.06624031874622303,0.8947340038425128
26709,0.0389480542065863,0.08738819546708897,0.8736637503263247
26710,0.061650723590608386,0.1111241795056957,0.8272250969036959
26711,0.2689472044086875,0.09724444796596544,0.633808347625347
26712,0.06753533892084217,0.19192007412906345,0.7405445869500944
26713,0.09082366128795846,0.44853004890587794,0.46064628980616346
26714,0.05524219321500025,0.13744478518600645,0.8073130215989934
26715,0.06974251513557556,0.21620949715285925,0.7140479877115651
26716,0.12119648688867111,0.6163044674827892,0.26249904562853976
26717,0.06603533703754118,0.18457749782792943,0.7493871651345295
26718,0.1038503119300943,0.16200246796437387,0.734147220105532
26719,0.06862965955275357,0.3836223098944433,0.5477480305528031
26720,0.0931219293823412,0.10106486972448676,0.8058132008931721
26721,0.0648934382645863,0.23817192086988687,0.6969346408655268
26722,0.20891283402626096,0.11697936042415213,0.6741078055495869
26723,0.0672563628303034,0.11057901964041254,0.8221646175292839
26724,0.0699709214783802,0.5383034748863283,0.3917256036352915
26725,0.05249906273943649,0.3080535256558271,0.6394474116047364
26726,0.1165373411276161,0.3499860858092325,0.5334765730631513
26727,0.04673836283184561,0.09807389688525289,0.8551877402829015
26728,0.09725729706025711,0.15720696952010482,0.7455357334196381
26729,0.08283316929635075,0.225587743491105,0.6915790872125442
26730,0.13448736443717868,0.535450516026043,0.3300621195367782
26731,0.05244659876494897,0.09338402751161683,0.8541693737234342
26732,0.17962660123261404,0.7992052551397996,0.021168143627586414
26733,0.05420485171218575,0.0711533367392929,0.8746418115485215
26734,0.1195987827560576,0.17511813316031807,0.7052830840836243
26735,0.0475072773305001,0.10830460696460438,0.8441881157048956
26736,0.09679174185881591,0.19048972175218357,0.7127185363890005
26737,0.08865203711482282,0.3163798226281119,0.5949681402570653
26738,0.038573205609801174,0.06764009490862005,0.8937866994815787
26739,0.4453569631833998,0.11162604592904549,0.44301699088755464
26740,0.04022995789690634,0.09298407105368765,0.866785971049406
26741,0.11268009102898251,0.84482718314832,0.04249272582269758
26742,0.05175247578258335,0.25616614640136487,0.692081377816052
26743,0.11073504605051426,0.15522654441617317,0.7340384095333126
26744,0.11299617052172972,0.21215407254954163,0.6748497569287286
26745,0.036516364034022544,0.0634938272618774,0.8999898087041001
26746,0.4084557718637661,0.1336248564057984,0.45791937173043545
26747,0.05384496725016387,0.5124344101226298,0.4337206226272063
26748,0.23256223566385495,0.26484138975689386,0.5025963745792512
26749,0.054222594107499765,0.1370823865248558,0.8086950193676443
26750,0.053480155641670614,0.13085963918055224,0.8156602051777773
26751,0.0591187642478035,0.11620085707955646,0.82468037867264
26752,0.0755957374245414,0.4805028954654561,0.44390136711000244
26753,0.10355633588459796,0.14170553020535243,0.7547381339100494
26754,0.08319616949139368,0.09233066677268068,0.8244731637359256
26755,0.04565755756145571,0.145847823546599,0.8084946188919454
26756,0.12157379287317452,0.09685493628399938,0.7815712708428262
26757,0.18166804721380306,0.23317846510662535,0.5851534876795716
26758,0.11686099531471061,0.23798631382302476,0.6451526908622645
26759,0.09312763617323712,0.14126196747269415,0.7656103963540687
26760,0.3719240804532558,0.14925995155925795,0.4788159679874862
26761,0.06468505685067255,0.12582300668129193,0.8094919364680356
26762,0.039066167736189615,0.06797249638263275,0.8929613358811777
26763,0.04145143980266447,0.08434948720077642,0.8741990729965591
26764,0.06741714884805368,0.11368675762782968,0.8188960935241166
26765,0.07124055579806327,0.09430515397944388,0.834454290222493
26766,0.06265866639414289,0.5068597340234021,0.4304815995824549
26767,0.06439182489289819,0.11720673049779508,0.8184014446093067
26768,0.10737048510719124,0.8733796141410323,0.019249900751776274
26769,0.3846446811377556,0.12864110574387966,0.48671421311836477
26770,0.043089924956348516,0.0748546366724541,0.8820554383711975
26771,0.19025210852547886,0.7865911981111332,0.023156693363387906
26772,0.4412519615500219,0.0801873420318222,0.4785606964181559
26773,0.11861837412029393,0.15248137522750074,0.7289002506522053
26774,0.10280613017601828,0.16890117178735495,0.7282926980366268
26775,0.0583855781317912,0.22664096577415233,0.7149734560940564
26776,0.049524452203855776,0.08737377750459564,0.8631017702915487
26777,0.04051062293873281,0.05263444106482873,0.9068549359964385
26778,0.052642391408547845,0.08902470834821453,0.8583329002432376
26779,0.050321465997566525,0.13798094368605773,0.8116975903163758
26780,0.05230055307593226,0.08071160459471927,0.8669878423293484
26781,0.05021741280364797,0.14123690846912507,0.8085456787272267
26782,0.04356678823145806,0.07652056645210731,0.8799126453164348
26783,0.17956520089144465,0.17805367202450847,0.6423811270840468
26784,0.048072045844656255,0.5574185852021938,0.3945093689531499
26785,0.060257636563653426,0.1475733115178988,0.7921690519184478
26786,0.37377686491903567,0.10855167198609854,0.5176714630948657
26787,0.05054533090313049,0.09465959045075963,0.8547950786461097
26788,0.20397977109116283,0.21647799076662239,0.5795422381422147
26789,0.05828358123737043,0.4815484156676533,0.4601680030949763
26790,0.0645258289202376,0.1361762015113952,0.7992979695683672
26791,0.03905389459140883,0.07551297973728446,0.8854331256713066
26792,0.07049952008627222,0.123263348498143,0.8062371314155847
26793,0.060720384814267905,0.1462316044207172,0.7930480107650149
26794,0.0643228337362908,0.12086768378639935,0.8148094824773099
26795,0.06807521148542706,0.2280194007415929,0.7039053877729802
26796,0.13005343177616688,0.8629772306538059,0.006969337570027172
26797,0.06067993676178544,0.2733558779506878,0.665964185287527
26798,0.6242384343435906,0.07463734814234863,0.30112421751406077
26799,0.23040307765188148,0.11056250840053135,0.6590344139475871
26800,0.11035510655802791,0.8673693387564703,0.022275554685501908
26801,0.05016988171831291,0.5080544048301371,0.44177571345155003
26802,0.10214762759210257,0.1486696863641266,0.7491826860437709
26803,0.05499443715740814,0.1740758640909543,0.7709296987516376
26804,0.055718956454798324,0.23881169111357997,0.7054693524316217
26805,0.042264682078128675,0.09506423548301633,0.8626710824388549
26806,0.13235135898092787,0.2382309441594347,0.6294176968596374
26807,0.042695442109615775,0.07618824439835986,0.8811163134920245
26808,0.055249395850326115,0.17337912023480234,0.7713714839148713
26809,0.05938863018824994,0.22020705883766734,0.7204043109740828
26810,0.05310970152699004,0.28102264711441544,0.6658676513585945
26811,0.038437022616473845,0.09067113482624682,0.8708918425572792
26812,0.03306224727052742,0.06738139790124788,0.8995563548282247
26813,0.08782059248398623,0.47523749373792107,0.4369419137780927
26814,0.10756127087609865,0.1637284257308707,0.7287103033930307
26815,0.08993538896616128,0.13259883737036446,0.7774657736634741
26816,0.0833871344984246,0.23392563469761227,0.682687230803963
26817,0.04560000840637631,0.058432015807098565,0.8959679757865251
26818,0.2667359749785862,0.15874359718165632,0.5745204278397575
26819,0.10836636463000014,0.2356698145809658,0.6559638207890341
26820,0.12888666630660578,0.8444865460320651,0.026626787661329043
26821,0.0752567107622384,0.9110505890634973,0.013692700174264149
26822,0.07173986449268341,0.4014859748180465,0.5267741606892702
26823,0.05256428353533561,0.08661561813685403,0.8608200983278104
26824,0.10818845001424675,0.11683491361811624,0.7749766363676369
26825,0.04031401092008312,0.07809214927571091,0.8815938398042059
26826,0.046705344035963645,0.09154391438280939,0.861750741581227
26827,0.09795294104399142,0.15769675780570022,0.7443503011503083
26828,0.09418683336118192,0.1708786558108877,0.7349345108279304
26829,0.058466112200958965,0.0980706864265518,0.8434632013724892
26830,0.04188619457823116,0.08310040902842276,0.8750133963933461
26831,0.05259782937536263,0.15601578089935605,0.7913863897252813
26832,0.032579163188169585,0.07913142848985989,0.8882894083219705
26833,0.058865694778473546,0.14139868620969942,0.7997356190118269
26834,0.05322422036258446,0.1351171726967002,0.8116586069407152
26835,0.6420610667305876,0.0956251362093975,0.26231379706001495
26836,0.11461001658204507,0.338667166674482,0.546722816743473
26837,0.11236495118980447,0.09252428348239887,0.7951107653277967
26838,0.1858377832832555,0.2215748373290839,0.5925873793876607
26839,0.6289556287982281,0.08760368649798578,0.28344068470378625
26840,0.08883689543840326,0.18382245880849074,0.7273406457531059
26841,0.04873783150319708,0.07371599758019054,0.8775461709166126
26842,0.05839731361365818,0.2399909835376926,0.7016117028486493
26843,0.09495957389901256,0.144247955033463,0.7607924710675245
26844,0.05870140765311504,0.6899846607811674,0.2513139315657175
26845,0.44455475524189736,0.08380004380766447,0.4716452009504382
26846,0.05623846474343488,0.1058244631518636,0.8379370721047015
26847,0.10658291449773236,0.19686514683596013,0.6965519386663074
26848,0.18008690034416178,0.10832424576062971,0.7115888538952087
26849,0.2997193441870569,0.16967233801123702,0.5306083178017061
26850,0.10621481716925744,0.21401524507069747,0.6797699377600451
26851,0.09902172972290729,0.13639784834777208,0.7645804219293209
26852,0.0502615959562551,0.641383343569144,0.3083550604746009
26853,0.04634412124337169,0.08189058703481733,0.8717652917218109
26854,0.08993303017779022,0.8966439092199676,0.013423060602242078
26855,0.06337723581392044,0.1821709692153855,0.754451794970694
26856,0.1270214772594751,0.09873623357518338,0.7742422891653417
26857,0.06988389476577216,0.42637266085769265,0.5037434443765351
26858,0.03257011922130746,0.8395530466882901,0.12787683409040235
26859,0.04313937065668431,0.6239979633000363,0.33286266604327935
26860,0.047769044558058534,0.6976812132767438,0.2545497421651978
26861,0.0708090817139211,0.24656885945744805,0.6826220588286308
26862,0.06792417689078091,0.09624416515944494,0.8358316579497742
26863,0.045980731624606745,0.13320061561184177,0.8208186527635514
26864,0.08313639403585273,0.28521546969102285,0.6316481362731243
26865,0.05464024335258689,0.19790446074694093,0.7474552959004721
26866,0.059680353528873555,0.16132494161017716,0.7789947048609492
26867,0.05502048167856351,0.08310982204019436,0.861869696281242
26868,0.055849971916597504,0.09690881582871508,0.8472412122546874
26869,0.038067120952117055,0.055158473108713774,0.9067744059391694
26870,0.044759620084538966,0.7545993461833546,0.2006410337321065
26871,0.43600581415893525,0.1138978939527779,0.4500962918882869
26872,0.04536808116586613,0.09939537544475542,0.8552365433893784
26873,0.0626113899803034,0.15131227329285846,0.7860763367268382
26874,0.058641253220816966,0.37844169015702195,0.5629170566221611
26875,0.09994923576354674,0.20812311170272593,0.6919276525337275
26876,0.04812688659863284,0.07149238997952621,0.8803807234218408
26877,0.051567669250069385,0.08017171753871447,0.8682606132112162
26878,0.10134118017297172,0.13173115067603974,0.7669276691509884
26879,0.07474631727682757,0.22653838674026064,0.6987152959829117
26880,0.13206381035752068,0.1025879102311968,0.7653482794112824
26881,0.0348023632154935,0.08374919062394322,0.8814484461605635
26882,0.5829703105418585,0.08977661212616496,0.32725307733197656
26883,0.051887739490744135,0.09155781528019985,0.856554445229056
26884,0.06210269806244926,0.3976953352222952,0.5402019667152556
26885,0.12806629928332622,0.14201033414729797,0.7299233665693758
26886,0.03879496277612442,0.08715369662159071,0.8740513406022848
26887,0.056757689175733234,0.11620529873169506,0.8270370120925715
26888,0.14652429730332492,0.16423092368832623,0.6892447790083489
26889,0.041080625398959715,0.08068801331155104,0.8782313612894892
26890,0.06211645765293192,0.24627793496407668,0.6916056073829914
26891,0.052925954557214584,0.5970759352226869,0.3499981102200986
26892,0.06413198033256312,0.10141131297744582,0.8344567066899911
26893,0.04687830018984378,0.07099080732707796,0.8821308924830783
26894,0.0524044517078969,0.11353444438492644,0.8340611039071768
26895,0.0781257031226642,0.43012636073874333,0.4917479361385926
26896,0.06646358472314352,0.09917604447239325,0.8343603708044631
26897,0.05990750015208982,0.17199406844198223,0.7680984314059279
26898,0.0424435992139313,0.07438973261378067,0.8831666681722878
26899,0.11673543293040517,0.14648654895393348,0.7367780181156615
26900,0.062209755372958635,0.20047882699494798,0.7373114176320934
26901,0.07190698280362585,0.2503967344352134,0.6776962827611607
26902,0.04772294136628328,0.05689488144627147,0.8953821771874453
26903,0.06892957068107163,0.21316386786087194,0.7179065614580564
26904,0.6170561925657434,0.3554652647283828,0.027478542705873764
26905,0.053921202212488396,0.10702572507013053,0.8390530727173812
26906,0.04813530782455084,0.10877481465515408,0.8430898775202951
26907,0.030535204232526952,0.054914534621488945,0.9145502611459841
26908,0.051683515875527344,0.1273320095448562,0.8209844745796164
26909,0.05160925047228698,0.6135493750616177,0.3348413744660955
26910,0.10068206869645213,0.19699855715356246,0.7023193741499854
26911,0.05119136064015137,0.08537444057258829,0.8634341987872604
26912,0.04638342292080974,0.09833302608708636,0.8552835509921038
26913,0.30157418203526604,0.14889429876153115,0.5495315192032029
26914,0.05004933188364391,0.14581690189471685,0.8041337662216392
26915,0.09908303884351047,0.13076826526779706,0.7701486958886924
26916,0.23580777258135005,0.7500309251376552,0.014161302280994858
26917,0.0596032073842554,0.15978961218945203,0.7806071804262925
26918,0.06332692868909778,0.10664146496850359,0.8300316063423986
26919,0.4754981191333769,0.12804993814919852,0.39645194271742473
26920,0.06011165917941908,0.20704512999876465,0.7328432108218162
26921,0.05640494950960351,0.5963070287744954,0.3472880217159012
26922,0.07429933107957444,0.45803695699940394,0.46766371192102174
26923,0.045086196979702904,0.06901462539817779,0.8858991776221193
26924,0.0584619439641904,0.1358989257161333,0.8056391303196764
26925,0.04774035730853235,0.07474870933799352,0.8775109333534741
26926,0.09763896305390396,0.2254758412605356,0.6768851956855604
26927,0.07011269403185594,0.10661208734803264,0.8232752186201114
26928,0.0656547941675408,0.9202939014844002,0.01405130434805892
26929,0.04726039624168226,0.10461089916936657,0.8481287045889511
26930,0.041135281158051804,0.7149384491587082,0.2439262696832399
26931,0.1546411504188016,0.8229786663011122,0.022380183280086313
26932,0.04295214982951681,0.6809150472233056,0.2761328029471776
26933,0.4520910995516926,0.10451371255878421,0.4433951878895232
26934,0.06805812092606138,0.09220048308564512,0.8397413959882936
26935,0.04808096913456126,0.13750785960574016,0.8144111712596986
26936,0.04640578751820268,0.11474371714305835,0.838850495338739
26937,0.11920497934274771,0.18144957825355312,0.6993454424036991
26938,0.19889406145531338,0.7839615825618833,0.017144355982803172
26939,0.6626553334521784,0.3103610705517942,0.026983595996027402
26940,0.10354815764070774,0.14844513113440932,0.7480067112248829
26941,0.09489612968391106,0.2152167052757173,0.6898871650403716
26942,0.05925335197566942,0.10624141271015915,0.8345052353141713
26943,0.05424546791596421,0.4099821028210864,0.5357724292629493
26944,0.06593227579214489,0.09626645295140532,0.8378012712564498
26945,0.075716722440851,0.4478587140547595,0.4764245635043896
26946,0.04019212631024437,0.0859918137085282,0.8738160599812274
26947,0.06564304546612415,0.14399198509661496,0.7903649694372609
26948,0.07667822969998525,0.3716717542618899,0.5516500160381248
26949,0.32295362063582506,0.13490724984720187,0.542139129516973
26950,0.1865111674604898,0.13753120365516602,0.6759576288843442
26951,0.3810261023887568,0.3623299458881274,0.25664395172311577
26952,0.1231702572886273,0.206675823846958,0.6701539188644147
26953,0.10931041329189392,0.08179129008221547,0.8088982966258906
26954,0.05472264823686672,0.13081534432381098,0.8144620074393223
26955,0.04434231374120567,0.6243708594404522,0.3312868268183422
26956,0.14991744899008255,0.22739959149814543,0.622682959511772
26957,0.6733376121877236,0.09079382292922633,0.23586856488305008
26958,0.26804027102960265,0.11897708710930228,0.6129826418610951
26959,0.05495242794007744,0.14594107115551969,0.7991065009044029
26960,0.06543127202749688,0.16000830188444978,0.7745604260880534
26961,0.05407724517466401,0.1356393492075984,0.8102834056177375
26962,0.056220452472019275,0.6152809943237719,0.32849855320420884
26963,0.38722823156891606,0.11408255014046247,0.4986892182906214
26964,0.11298701140923875,0.14299053712655105,0.7440224514642101
26965,0.04259971736665034,0.6949944378814613,0.2624058447518884
26966,0.06646358472314352,0.09917604447239325,0.8343603708044631
26967,0.04980385196785699,0.09405692458980028,0.8561392234423428
26968,0.10776116476728842,0.175273144300165,0.7169656909325464
26969,0.05313390685886011,0.06659905266821006,0.8802670404729297
26970,0.05513806631792946,0.11087002386550812,0.8339919098165623
26971,0.07196599794172424,0.2603737177658417,0.6676602842924341
26972,0.14611550523502043,0.2915604902560174,0.5623240045089622
26973,0.09522994510969575,0.17456348734864394,0.7302065675416604
26974,0.03436951018533344,0.07182754344920927,0.8938029463654573
26975,0.048248999769927726,0.07552393855331535,0.876227061676757
26976,0.15164912254472496,0.814199383589936,0.034151493865339055
26977,0.11409950429213508,0.18665887266752537,0.6992416230403395
26978,0.04644538982350512,0.12171916945911473,0.83183544071738
26979,0.10964501065496698,0.2482845627252412,0.6420704266197919
26980,0.05845116687597627,0.1715653606534019,0.7699834724706218
26981,0.0732721103618754,0.41873882856431055,0.5079890610738141
26982,0.05140402858792472,0.11595798212378673,0.8326379892882885
26983,0.10058675968384553,0.18134075401701505,0.7180724862991396
26984,0.06334837041634384,0.211040795612133,0.7256108339715233
26985,0.07124004878669842,0.46645378389881825,0.4623061673144833
26986,0.09982709346030667,0.11794779855994965,0.7822251079797438
26987,0.03944060352297197,0.7863282849965967,0.17423111148043122
26988,0.13285332571848746,0.2937642798932085,0.5733823943883041
26989,0.052885965433127485,0.6258198079836866,0.32129422658318596
26990,0.04365561154445588,0.08139757978782916,0.874946808667715
26991,0.04446023116684954,0.07258230876715993,0.8829574600659906
26992,0.0953197106823844,0.6555001738495535,0.24918011546806212
26993,0.03378305444926739,0.07780459260952001,0.8884123529412127
26994,0.1090741857168334,0.14348305152252674,0.7474427627606398
26995,0.0588354123565296,0.20369089985785097,0.7374736877856194
26996,0.04280801594064319,0.07630702776127558,0.8808849562980812
26997,0.22114989416604858,0.42127810598990645,0.357571999844045
26998,0.4796570623232678,0.09568660122535495,0.4246563364513772
26999,0.5391069109925699,0.08404215562261623,0.3768509333848137
27000,0.06937837748013845,0.4486396228066977,0.4819819997131638
27001,0.06605474024542485,0.3106916476081497,0.6232536121464255
27002,0.06364566781761427,0.23429089003545947,0.7020634421469263
27003,0.0671143102123376,0.13478415112682107,0.7981015386608414
27004,0.2656551888630118,0.13707938255612936,0.5972654285808588
27005,0.0689205840177782,0.24750432130023964,0.6835750946819822
27006,0.05130403499746627,0.08904895516512346,0.8596470098374104
27007,0.08072082665253338,0.7513408288343895,0.16793834451307713
27008,0.061625775026369345,0.20629612872193015,0.7320780962517006
27009,0.0599464547237709,0.14153065241303162,0.7985228928631974
27010,0.03557075419489144,0.06704890739518839,0.8973803384099203
27011,0.1324945365281281,0.5084341619664847,0.35907130150538724
27012,0.054165380741754844,0.07939167283897348,0.8664429464192717
27013,0.19928638416381886,0.12801094126553175,0.6727026745706495
27014,0.10370841521853363,0.4520887562638863,0.44420282851758014
27015,0.08447279269782054,0.517098829394116,0.3984283779080635
27016,0.05374998040364794,0.08369343558281722,0.8625565840135349
27017,0.05379313521829197,0.10183062494155201,0.8443762398401561
27018,0.12276888861048596,0.11356629846881068,0.7636648129207033
27019,0.0979537679619731,0.1667014989964348,0.7353447330415922
27020,0.05728154503605513,0.23988536620032974,0.7028330887636152
27021,0.06927786899898321,0.3638232291052156,0.5668989018958013
27022,0.036055416070899744,0.06180938485590352,0.9021351990731968
27023,0.16770235076304996,0.279166591431279,0.5531310578056711
27024,0.10639943969995995,0.19279906700215277,0.7008014932978872
27025,0.2612237494010081,0.10503709118799727,0.6337391594109946
27026,0.04070279385813846,0.08527093924948412,0.8740262668923774
27027,0.1030149254437389,0.08889062306589461,0.8080944514903664
27028,0.5346483634470889,0.08527749002196451,0.3800741465309465
27029,0.04791201075678235,0.09572862889638903,0.8563593603468286
27030,0.17308356225166793,0.5228293666242588,0.3040870711240733
27031,0.46141691375544586,0.23496490447557203,0.30361818176898214
27032,0.3917934767669169,0.14168523793583543,0.4665212852972478
27033,0.06386375480410127,0.10365923979822138,0.8324770053976774
27034,0.09321556327311654,0.1772500034746066,0.729534433252277
27035,0.6404418669360661,0.09650664554542397,0.26305148751850993
27036,0.11159216249881035,0.14170588146034374,0.7467019560408459
27037,0.21384419003537322,0.43708369889721466,0.3490721110674121
27038,0.0487461892064398,0.07157753992948479,0.8796762708640754
27039,0.21401193235945384,0.151385334112996,0.6346027335275503
27040,0.057463345387213934,0.09788892431243613,0.84464773030035
27041,0.03971447647340248,0.0704490970864164,0.889836426440181
27042,0.191451785242749,0.7817088185665698,0.026839396190681444
27043,0.050371671327558626,0.07828101609338038,0.871347312579061
27044,0.046459226477034835,0.07227754127532615,0.8812632322476388
27045,0.09330592714971517,0.1394919331343526,0.7672021397159321
27046,0.06883909195334155,0.10921831970354956,0.8219425883431088
27047,0.09608597597135757,0.5461699913936896,0.3577440326349528
27048,0.31933513051673407,0.6729060818024521,0.007758787680813879
27049,0.16349762464558262,0.42365544405413536,0.41284693130028216
27050,0.04875364341494939,0.10266172508485437,0.8485846315001963
27051,0.10430730070561892,0.3367825139138924,0.5589101853804888
27052,0.04939758029961815,0.07564668971089876,0.8749557299894831
27053,0.06588260616157886,0.21822962262547904,0.7158877712129421
27054,0.05972739891051419,0.1140502873602992,0.8262223137291865
27055,0.19020733353908914,0.7934536234080752,0.016339043052835563
27056,0.22155071933543863,0.7622072435847488,0.016242037079812536
27057,0.07032932144678712,0.40928393435386545,0.5203867441993475
27058,0.5167925625686132,0.12271561413132724,0.3604918233000596
27059,0.08296515276870531,0.1377456241551635,0.7792892230761311
27060,0.058650942314830534,0.1278821450516231,0.8134669126335464
27061,0.43523837350186695,0.1488049771376903,0.4159566493604427
27062,0.18301846270756625,0.10771628868832057,0.7092652486041131
27063,0.04397431772569563,0.08409519546810845,0.871930486806196
27064,0.03834761133543912,0.0639245735475683,0.8977278151169924
27065,0.06312703466516553,0.43906143784819984,0.4978115274866346
27066,0.03385158650674961,0.07020617717723143,0.8959422363160188
27067,0.052704043622442076,0.11451595290936509,0.8327800034681929
27068,0.5738970327353322,0.0886136082218142,0.3374893590428535
27069,0.04306871961723162,0.09123806188720039,0.865693218495568
27070,0.05520006312650035,0.07569166318651521,0.8691082736869845
27071,0.053014881223568136,0.07836713942681407,0.8686179793496178
27072,0.07172098016709197,0.2570481121951104,0.6712309076377976
27073,0.10213946018432327,0.19776488710525683,0.70009565271042
27074,0.1208814867083635,0.366573412237284,0.5125451010543524
