index,0,1,2
26457,0.11051847787111642,0.17515604202724733,0.7143254801016363
26458,0.3330517395811522,0.21581622989181629,0.4511320305270317
26459,0.03434211658118494,0.0734933376345638,0.8921645457842512
26460,0.05573123909277025,0.07908854488096244,0.8651802160262673
26461,0.08451540439291888,0.23591122094786665,0.6795733746592144
26462,0.051581737808375855,0.13579557341718113,0.8126226887744431
26463,0.643119478653492,0.3355551556904773,0.0213253656560307
26464,0.04970650216389973,0.0863730621114114,0.8639204357246888
26465,0.05624146700237181,0.08504037859024964,0.8587181544073786
26466,0.06135025786516114,0.28165881744620774,0.6569909246886311
26467,0.12151561915013268,0.10031865567226701,0.7781657251776002
26468,0.04054883902082763,0.08470038155280796,0.8747507794263645
26469,0.5766124966289317,0.10079886632902499,0.32258863704204327
26470,0.06772453248965554,0.4247626074589768,0.5075128600513675
26471,0.10578189901457723,0.14108473382934547,0.7531333671560773
26472,0.06940851029011202,0.2950088877858266,0.6355826019240614
26473,0.04244142403506958,0.0735828799720196,0.8839756959929108
26474,0.32843048600431657,0.6511683991928082,0.020401114802875254
26475,0.32457369068501807,0.1620379150180859,0.513388394296896
26476,0.039473890428199127,0.08561850340251359,0.8749076061692874
26477,0.1893781040663246,0.20424134690580792,0.6063805490278675
26478,0.055311359885998376,0.0788161151574706,0.8658725249565311
26479,0.03676827684335622,0.08142125399434923,0.8818104691622944
26480,0.05884770742595769,0.07136926491005625,0.8697830276639861
26481,0.05857859744166639,0.27685101049090033,0.6645703920674333
26482,0.1242776788342189,0.0902873690168081,0.785434952148973
26483,0.05073104442311248,0.13445996129349128,0.8148089942833964
26484,0.060149244685898336,0.11797346512178902,0.8218772901923127
26485,0.040359126713178435,0.06921170821473796,0.8904291650720836
26486,0.07624601672492631,0.14070492859257666,0.783049054682497
26487,0.06534618305767474,0.10122830316869419,0.8334255137736312
26488,0.3520250717736306,0.6108928471500721,0.037082081076297055
26489,0.061689055819623806,0.23373125618992258,0.7045796879904537
26490,0.0630893350947038,0.11775138413098957,0.8191592807743067
26491,0.04763632079037604,0.12763187852072128,0.8247318006889028
26492,0.06199751952310352,0.33947512126586427,0.5985273592110322
26493,0.20847854241942165,0.7835892854481917,0.00793217213238655
26494,0.07161690546427447,0.4429129157628549,0.48547017877287074
26495,0.05007859203222314,0.07426518252427089,0.875656225443506
26496,0.06930297005949478,0.1459823347530462,0.7847146951874591
26497,0.02889401108500743,0.8447700139899532,0.1263359749250394
26498,0.1661949760592393,0.5317174116255418,0.3020876123152191
26499,0.11111609512281288,0.13988690992211472,0.7489969949550724
26500,0.08376451475084537,0.39382781843054593,0.5224076668186086
26501,0.08351257313631588,0.3980334416415078,0.5184539852221763
26502,0.07300357260958179,0.09801658974270276,0.8289798376477155
26503,0.09232577466117975,0.3769692081570336,0.5307050171817866
26504,0.12572914918507497,0.17682760921350374,0.6974432416014212
26505,0.05417941511102491,0.0889407918454942,0.8568797930434807
26506,0.13629393378877036,0.8396657854897075,0.024040280721522065
26507,0.09797116635120007,0.882972064236627,0.01905676941217304
26508,0.11552230956555036,0.15436421893830482,0.7301134714961447
26509,0.117072733981247,0.1507770182801167,0.7321502477386364
26510,0.0629730888282061,0.2121547420503097,0.7248721691214841
26511,0.04389697598500692,0.0712676612078384,0.8848353628071548
26512,0.09609796707430035,0.16875952759949073,0.7351425053262091
26513,0.13586486902305964,0.20101634110991146,0.663118789867029
26514,0.0458582308191198,0.0853049769290077,0.8688367922518725
26515,0.40016003162926517,0.10343152903569941,0.49640843933503553
26516,0.06358497475354305,0.23936119646851883,0.6970538287779382
26517,0.20151018757782624,0.7801077670298153,0.0183820453923585
26518,0.037749600713619415,0.07717989064069798,0.8850705086456825
26519,0.3897421411080691,0.08705229634574435,0.5232055625461866
26520,0.02482960605541759,0.8514162622940368,0.12375413165054568
26521,0.06540099060434366,0.2637636465355847,0.6708353628600716
26522,0.1967374754795272,0.1555182980021829,0.6477442265182898
26523,0.10833717804646577,0.15907804354086963,0.7325847784126645
26524,0.08068625191185173,0.1998734797738712,0.7194402683142771
26525,0.11571422913184803,0.228826387495613,0.6554593833725391
26526,0.04554921539201004,0.07887583455118087,0.8755749500568093
26527,0.13752654577589848,0.3074264118210126,0.5550470424030889
26528,0.08294983331059133,0.9015863949447326,0.015463771744676114
26529,0.4475863597261609,0.10326294299906788,0.4491506972747713
26530,0.1012558060981936,0.14389599966914163,0.7548481942326648
26531,0.05655778639824221,0.19378061628739662,0.7496615973143611
26532,0.14475012408874213,0.14729223946793235,0.7079576364433255
26533,0.09451039899100547,0.16792581784784774,0.7375637831611468
26534,0.03668265236915377,0.08278635808119957,0.8805309895496468
26535,0.04487652364888104,0.07401561090661174,0.8811078654445073
26536,0.09883660768595517,0.1619963644665481,0.7391670278474967
26537,0.06395646567502215,0.09152608197101882,0.844517452353959
26538,0.062012756463766916,0.2819104109723817,0.6560768325638515
26539,0.044056940332408916,0.1258967936812834,0.8300462659863076
26540,0.2942642770158291,0.1726133135773121,0.5331224094068588
26541,0.048781540312075995,0.09963680515496146,0.8515816545329625
26542,0.06849098561198252,0.11272923813885033,0.8187797762491671
26543,0.06208886355105321,0.09535460160365224,0.8425565348452946
26544,0.13099227104745656,0.16672908826940283,0.7022786406831405
26545,0.13585311780152579,0.326879522955245,0.5372673592432291
26546,0.04626462473816584,0.09214916512754273,0.8615862101342914
26547,0.051773219104964505,0.06255422004698377,0.8856725608480518
26548,0.04979635150047471,0.10300931968258469,0.8471943288169406
26549,0.20083868621582962,0.7901539565928543,0.00900735719131611
26550,0.05221585591536077,0.14263208194354135,0.8051520621410979
26551,0.0507711051159679,0.14556397090648437,0.8036649239775475
26552,0.050800136200097074,0.18349691334196042,0.7657029504579427
26553,0.0538674694022335,0.08506919078511845,0.861063339812648
26554,0.09641738790515245,0.35563131789632685,0.5479512941985206
26555,0.11923500732613108,0.12177658684351744,0.7589884058303513
26556,0.06634265844300793,0.2745662036986414,0.6590911378583507
26557,0.05953266188613287,0.0955996138953805,0.8448677242184867
26558,0.5928933159473014,0.09592106354731314,0.3111856205053853
26559,0.2760364319583825,0.0982052800981575,0.62575828794346
26560,0.06973062901805602,0.10830384889654651,0.8219655220853974
26561,0.05774517881298352,0.26604595917310275,0.6762088620139137
26562,0.04143480562897601,0.06894634982682456,0.8896188445441993
26563,0.044896077550520656,0.08397926126884271,0.8711246611806366
26564,0.10108694355706936,0.14778054312027936,0.7511325133226513
26565,0.11097861138163892,0.3855058060400453,0.5035155825783156
26566,0.06648244048758095,0.21979987475485532,0.7137176847575636
26567,0.08382227665912215,0.1400447099221837,0.7761330134186942
26568,0.4459239443030305,0.5266275266456505,0.02744852905131882
26569,0.045834015017796,0.10408484922659689,0.8500811357556072
26570,0.05596060999978496,0.6191474230347699,0.3248919669654452
26571,0.06302485250770534,0.09077947591053517,0.8461956715817595
26572,0.06575836360559377,0.17167933598926374,0.7625623004051425
26573,0.1106362642791612,0.13065275031797288,0.758710985402866
26574,0.20528043836621665,0.09202820002066221,0.7026913616131212
26575,0.07951571541016961,0.10707060785923553,0.8134136767305948
26576,0.07851603402248084,0.10491332597422341,0.8165706400032957
26577,0.10518038111886722,0.12025455402696025,0.7745650648541726
26578,0.2977062001989122,0.38835381543301084,0.3139399843680771
26579,0.23360636195248433,0.7544621505462911,0.01193148750122462
26580,0.06183225460114101,0.11622409576307759,0.8219436496357813
26581,0.10289784856026125,0.17094647987475092,0.7261556715649878
26582,0.04783573371518625,0.088536992439736,0.8636272738450775
26583,0.04541857499908764,0.07035909671759429,0.884222328283318
26584,0.08392688516673222,0.16067302951686024,0.7554000853164076
26585,0.12230731471031316,0.48501390062308075,0.3926787846666061
26586,0.2842010265946046,0.2679708207043,0.44782815270109533
26587,0.34595113729112903,0.42340249481664766,0.23064636789222337
26588,0.042589055997163894,0.12143599272199519,0.8359749512808408
26589,0.12907589643201375,0.09664464609433543,0.774279457473651
26590,0.11475669925559787,0.37354340218656795,0.5116998985578342
26591,0.14218856848467623,0.8341877546510311,0.023623676864292748
26592,0.45254576136949226,0.10204947807772537,0.4454047605527823
26593,0.048829912366059706,0.5894805832531482,0.3616895043807921
26594,0.0535493668988636,0.08076577322621914,0.8656848598749172
26595,0.041299125289356295,0.06518000725372443,0.8935208674569193
26596,0.07162664476088831,0.10747633697109663,0.8208970182680152
26597,0.6052402295482476,0.2505209756939856,0.14423879475776677
26598,0.053712752495302316,0.12715285117382316,0.8191343963308744
26599,0.05139518505490954,0.08367849001964209,0.8649263249254483
26600,0.03973873402885288,0.0665949304963438,0.8936663354748035
26601,0.05709599859945746,0.14207068553936725,0.8008333158611752
26602,0.047592923661246365,0.17294090362301617,0.7794661727157373
26603,0.061058655049266816,0.11971281719441716,0.8192285277563162
26604,0.04059598604268758,0.07657617680119955,0.8828278371561129
26605,0.036365386356586094,0.061911968308112554,0.9017226453353013
26606,0.06913137762917167,0.4032853576448573,0.5275832647259711
26607,0.11411150057716474,0.8577993380696347,0.0280891613532006
26608,0.04075165403807217,0.08757836555393658,0.8716699804079913
26609,0.05157197551064804,0.09953293372724976,0.8488950907621022
26610,0.244145900241403,0.7127613079634357,0.043092791795161164
26611,0.12439662627129693,0.20883707316710767,0.6667663005615955
26612,0.12202127602233671,0.4068224701356307,0.4711562538420325
26613,0.07243979496099529,0.16785202127022947,0.7597081837687754
26614,0.11609879594529329,0.1386836153740968,0.7452175886806098
26615,0.12256642987111631,0.17170896348587136,0.7057246066430123
26616,0.043885103176879256,0.06725816183606194,0.8888567349870589
26617,0.07690540057171426,0.12700305286316285,0.7960915465651228
26618,0.049958980792432675,0.08129559218819586,0.8687454270193714
26619,0.07716904844506967,0.16235804593159192,0.7604729056233382
26620,0.1350451443379809,0.8186775737550125,0.04627728190700659
26621,0.048460956948707765,0.0807468081959608,0.8707922348553314
26622,0.06512934953105162,0.6060433584514866,0.32882729201746197
26623,0.05112857964211565,0.49279478839174395,0.4560766319661403
26624,0.09210589352895364,0.11992550933640801,0.7879685971346382
26625,0.6776691448576155,0.10981282771277692,0.21251802742960751
26626,0.30375866669629364,0.114313842565101,0.5819274907386053
26627,0.049009066053381234,0.08104190424518186,0.8699490297014368
26628,0.037249032127713265,0.09276960655160958,0.8699813613206772
26629,0.03880395816966762,0.08820469423330933,0.8729913475970229
26630,0.048062445702125194,0.09057050875582943,0.8613670455420455
26631,0.043691909683630924,0.06727311623971165,0.8890349740766574
26632,0.5448314329411184,0.08684002578344058,0.3683285412754411
26633,0.06032908359952013,0.10145216171636905,0.8382187546841108
26634,0.05245326218720256,0.07886576856324276,0.8686809692495548
26635,0.05711761315542335,0.21988563434287342,0.7229967525017034
26636,0.0666977457877524,0.3073537911924831,0.6259484630197646
26637,0.04143653677381266,0.10410486921345286,0.8544585940127345
26638,0.038629841984749815,0.7757049668902748,0.1856651911249755
26639,0.11304421392813972,0.71888133465833,0.1680744514135305
26640,0.3864162160605467,0.1456913480844693,0.46789243585498397
26641,0.13914283503686037,0.5770327186149299,0.2838244463482097
26642,0.0519723475596949,0.09230729264651592,0.8557203597937892
26643,0.06048739916834667,0.21853750963394308,0.7209750911977102
26644,0.0666892843864752,0.10918890604189588,0.824121809571629
26645,0.0524782422571204,0.11453796444686963,0.83298379329601
26646,0.6478648696499999,0.13742635784574256,0.2147087725042576
26647,0.044924285369674306,0.060717893596363016,0.8943578210339627
26648,0.04475692559953121,0.5967934438733861,0.35844963052708273
26649,0.06444382582657034,0.09053324147525661,0.8450229326981731
26650,0.4683824554448752,0.49356903251168505,0.03804851204343973
26651,0.23874403287316,0.743480775024102,0.017775192102737813
26652,0.25386836506672594,0.13749385267158584,0.6086377822616882
26653,0.2815854967493286,0.14418659074179002,0.5742279125088814
26654,0.052841777233904715,0.7340515240383575,0.21310669872773796
26655,0.05456358753561863,0.5473299776553897,0.3981064348089917
26656,0.057488576343162436,0.10838817146547282,0.8341232521913647
26657,0.06992791119280665,0.36975863561698347,0.5603134531902098
26658,0.05754634318266172,0.2463598655321345,0.696093791285204
26659,0.13173496340671864,0.22850583418313963,0.6397592024101418
26660,0.05996145843877009,0.24441638837639346,0.6956221531848363
26661,0.20590468421519909,0.17281827360662272,0.6212770421781781
26662,0.0568005475418966,0.28604690633018737,0.6571525461279161
26663,0.051805366649486644,0.15453782974747926,0.7936568036030339
26664,0.14854028242882128,0.14150501024413548,0.7099547073270432
26665,0.15635060369586912,0.20491958425064785,0.6387298120534829
26666,0.06914014511216326,0.44592689851894235,0.48493295636889444
26667,0.03214815374466021,0.06459747670347651,0.9032543695518632
26668,0.05544649568955197,0.506694797397656,0.437858706912792
26669,0.2274123081998491,0.25629911299541497,0.516288578804736
26670,0.3034029889085024,0.27036772024545996,0.42622929084603756
26671,0.056449394563350866,0.5730849450361715,0.3704656604004776
26672,0.049200140088025444,0.08631371922273291,0.8644861406892417
26673,0.10262853272452423,0.14059449169410276,0.7567769755813731
26674,0.6486417108609062,0.07404561382942072,0.2773126753096731
26675,0.044105594018697986,0.09299289558140533,0.8629015103998967
26676,0.05112308872584273,0.12538363498258467,0.8234932762915728
26677,0.0458683075363084,0.07328383665270186,0.8808478558109898
26678,0.0733122548467671,0.22219885819447324,0.7044888869587597
26679,0.11716482924422636,0.145618767803452,0.7372164029523215
26680,0.05759630021669849,0.23155699049188566,0.7108467092914158
26681,0.03971990145534413,0.08159739867322656,0.8786826998714293
26682,0.040139743643642894,0.08414240401649192,0.8757178523398651
26683,0.07015387230280588,0.27796683915998327,0.6518792885372109
26684,0.09942537313801757,0.15918050941712297,0.7413941174448595
26685,0.2528192294939472,0.11965315777725952,0.6275276127287932
26686,0.042473456061379526,0.0833839067858587,0.8741426371527616
26687,0.12263396134584138,0.16940685649410986,0.7079591821600488
26688,0.26562199567828176,0.4608693964542579,0.2735086078674604
26689,0.09289592790047597,0.14978105888949103,0.757323013210033
26690,0.03756423744979752,0.07588278873967369,0.8865529738105287
26691,0.1538899618609447,0.34568760516195574,0.5004224329770994
26692,0.05191129364107048,0.3319498473517585,0.6161388590071711
26693,0.3970479363280098,0.1060276854257804,0.49692437824620994
26694,0.5821793974925296,0.401878859838942,0.015941742668528422
26695,0.05863680444682522,0.08948283981658393,0.8518803557365909
26696,0.04240788751752641,0.07446962380296211,0.8831224886795115
26697,0.03358302829450859,0.06273403022298071,0.9036829414825107
26698,0.04122659682752433,0.05852800902738494,0.9002453941450906
26699,0.06772667312076162,0.41532647545197265,0.5169468514272657
26700,0.05810980858708349,0.4303161688286633,0.5115740225842532
26701,0.16621322312833156,0.4183513563141748,0.41543542055749366
26702,0.10039572246918185,0.3208986332454966,0.5787056442853216
26703,0.05629359390685554,0.11358813987905057,0.8301182662140939
26704,0.04578520508370756,0.08314318607409736,0.871071608842195
26705,0.04795827142970382,0.06325443438681093,0.8887872941834853
26706,0.046108409637023305,0.08363989663837032,0.8702516937246064
26707,0.2627122628880926,0.12963319479497676,0.6076545423169307
26708,0.04247526063003598,0.06997060532489409,0.88755413404507
26709,0.03527407912727462,0.08410198810182161,0.8806239327709038
26710,0.06298836692101555,0.10896472650608373,0.8280469065729008
26711,0.2616280198831508,0.09886825394019222,0.639503726176657
26712,0.06341589295218925,0.19118562644955256,0.7453984805982583
26713,0.0935624910268261,0.44796516426493954,0.45847234470823456
26714,0.053076319343611296,0.13702198671916055,0.8099016939372283
26715,0.06790564714734579,0.21538459624079848,0.7167097566118558
26716,0.10895889254206226,0.6535476681072129,0.23749343935072492
26717,0.0727120608528933,0.18862752869381605,0.7386604104532907
26718,0.10910753225984732,0.15433440925976835,0.7365580584803844
26719,0.07195874361940595,0.3688790345963611,0.5591622217842329
26720,0.09139265322982802,0.09889685491528044,0.8097104918548914
26721,0.06322163513162399,0.24210023673797681,0.6946781281303992
26722,0.20357220307335655,0.11284066575448432,0.6835871311721593
26723,0.072196565680482,0.11046989645516189,0.817333537864356
26724,0.0662576879417752,0.5637776484610035,0.36996466359722124
26725,0.05311325489279011,0.29380388789253115,0.6530828572146786
26726,0.120132120623877,0.33796165906490316,0.5419062203112199
26727,0.04378876125681076,0.08937112193715434,0.8668401168060349
26728,0.09160562086488866,0.15402955060307755,0.7543648285320339
26729,0.0859502560498569,0.224727529441393,0.6893222145087501
26730,0.13809013766376757,0.5479830535456621,0.3139268087905702
26731,0.050705936639063226,0.08499182365909044,0.8643022397018463
26732,0.17740175975396996,0.8026547608171871,0.019943479428842913
26733,0.05070433890437603,0.06957538452827317,0.8797202765673509
26734,0.11233027271393446,0.17476552003860354,0.712904207247462
26735,0.046153102322200816,0.10753955624810906,0.8463073414296901
26736,0.10027244407334474,0.19288372364750778,0.7068438322791475
26737,0.08744399375692878,0.3098355392119156,0.6027204670311556
26738,0.039536357483765244,0.07068582416559104,0.8897778183506437
26739,0.4559476140620307,0.10459216859480933,0.43946021734315993
26740,0.04309222524544261,0.09480566554155158,0.8621021092130059
26741,0.11753921784731107,0.8413716120518647,0.04108917010082437
26742,0.05225438928199012,0.25247028445524183,0.695275326262768
26743,0.10932100272454137,0.15676240087822305,0.7339165963972357
26744,0.11219187707553684,0.21401153914589352,0.6737965837785695
26745,0.03360797983497448,0.06365239522035698,0.9027396249446685
26746,0.43201654955571483,0.12624202508084312,0.44174142536344196
26747,0.05769302570451055,0.49282701944432794,0.4494799548511615
26748,0.23654123717212103,0.2560928143973256,0.5073659484305534
26749,0.050725652686642,0.1287652392639406,0.8205091080494175
26750,0.05284715610694458,0.1251515790456858,0.8220012648473696
26751,0.054765037464472546,0.11139349195031643,0.8338414705852111
26752,0.07425761534030265,0.47543857607292445,0.45030380858677294
26753,0.10109249844753299,0.13952708081063744,0.7593804207418295
26754,0.09469404661682987,0.09459257171406533,0.8107133816691048
26755,0.04892194867607113,0.13920554570387497,0.8118725056200539
26756,0.12682797814636182,0.09474808084199339,0.7784239410116446
26757,0.18019125992185853,0.214571413868072,0.6052373262100694
26758,0.12188154625717999,0.2547561824010497,0.6233622713417702
26759,0.08858502575389898,0.1471130098192955,0.7643019644268053
26760,0.3837796969942745,0.1377760442878321,0.4784442587178933
26761,0.057874525610884804,0.12396277555712581,0.8181626988319896
26762,0.04006254105753587,0.06887427552683857,0.8910631834156255
26763,0.03953987434359739,0.08269296022211611,0.8777671654342866
26764,0.06924850837218342,0.11286795394082406,0.8178835376869925
26765,0.06343596533371794,0.09541287321757842,0.8411511614487036
26766,0.06714137233026247,0.48505390093068745,0.44780472673905014
26767,0.06805628644500938,0.11494562116478482,0.8169980923902058
26768,0.09629849329753346,0.8866311197140138,0.017070386988452865
26769,0.4141921966281556,0.12500240241179147,0.46080540096005296
26770,0.043267820954412575,0.07301111298040103,0.8837210660651865
26771,0.1961154513296957,0.7822237432481782,0.02166080542212606
26772,0.43073056843996854,0.07674326557754121,0.49252616598249027
26773,0.12001472308972813,0.14960502084860855,0.7303802560616633
26774,0.09976064674094245,0.16692330323839255,0.733316050020665
26775,0.05974013550466666,0.2256746297525602,0.7145852347427731
26776,0.04878411293678208,0.08633047179380188,0.8648854152694161
26777,0.042199030721649114,0.052229504657808186,0.9055714646205426
26778,0.0492186274826422,0.08108034970937007,0.8697010228079878
26779,0.04841715261868053,0.13125706181743557,0.8203257855638838
26780,0.05198336069968679,0.08212177830288131,0.865894860997432
26781,0.04990302360573209,0.14120885739054134,0.8088881190037265
26782,0.045315428473995514,0.07302728818770608,0.8816572833382984
26783,0.18008979801824312,0.18196553206761923,0.6379446699141377
26784,0.04845077989501538,0.5630547704518477,0.38849444965313684
26785,0.05881856364341822,0.13653996408220612,0.8046414722743758
26786,0.38684710405452943,0.10724288170908633,0.5059100142363843
26787,0.050763282006646315,0.0913023273267907,0.8579343906665631
26788,0.1997035793285233,0.22859701848324368,0.5716994021882331
26789,0.057882065090338414,0.4748976442750951,0.4672202906345664
26790,0.05999846196755117,0.1271081808440835,0.8128933571883655
26791,0.03836735691378695,0.07347251407385483,0.8881601290123583
26792,0.068965028543921,0.1249340049912545,0.8061009664648245
26793,0.06338368883065196,0.1494749876523169,0.7871413235170311
26794,0.06310065597376743,0.11425947870624295,0.8226398653199896
26795,0.07060998669783629,0.22354648091457877,0.705843532387585
26796,0.1184120811861407,0.8753137040516645,0.006274214762194777
26797,0.060816879637478886,0.2826129487377906,0.6565701716247305
26798,0.6043912749607021,0.07139793596101424,0.32421078907828377
26799,0.2235548712064031,0.10564706539038261,0.6707980634032142
26800,0.09872227763631258,0.8802446429274058,0.021033079436281618
26801,0.054646313854532204,0.514810261184349,0.4305434249611188
26802,0.10644675140784757,0.14771353940749074,0.7458397091846616
26803,0.05412534126400767,0.1678949429840623,0.77797971575193
26804,0.05238689863765414,0.24114402780928756,0.7064690735530584
26805,0.04342459777603906,0.09872009604399509,0.8578553061799659
26806,0.12700743878130605,0.23727898182691853,0.6357135793917753
26807,0.04344655475502572,0.07937638878459102,0.8771770564603834
26808,0.054757996558567903,0.17023765835730553,0.7750043450841265
26809,0.05646130442660853,0.21677275566216722,0.7267659399112243
26810,0.05291671785047349,0.285462614077122,0.6616206680724045
26811,0.0352990773334358,0.09105571057350885,0.8736452120930553
26812,0.034418801988614446,0.06796546638899115,0.8976157316223944
26813,0.08810747770784445,0.47618249224981407,0.43571003004234155
26814,0.10936781533961557,0.1610894056974906,0.7295427789628939
26815,0.09102907828626361,0.13545600904538446,0.7735149126683519
26816,0.08110351669313248,0.24413219099360914,0.6747642923132584
26817,0.04473028604532899,0.055420481891472174,0.8998492320631987
26818,0.2660676965842457,0.14605381954778726,0.587878483867967
26819,0.10604786087717108,0.24167516009015788,0.652276979032671
26820,0.13159408770793318,0.8429146162958696,0.02549129599619733
26821,0.06967996912548816,0.918392580224525,0.011927450649987117
26822,0.07353306480390308,0.41880872884331155,0.5076582063527855
26823,0.051904399070276594,0.08241749083174899,0.8656781100979744
26824,0.10978878934770582,0.11509910241361168,0.7751121082386825
26825,0.04148652882744566,0.0777197724351876,0.8807936987373667
26826,0.05064377881341449,0.08917980823393667,0.8601764129526489
26827,0.10243503066711787,0.1543490082733268,0.7432159610595553
26828,0.0891379146045874,0.17945586334515032,0.7314062220502623
26829,0.05634659101368909,0.08989277291582955,0.8537606360704814
26830,0.04286257488979672,0.0805667959886716,0.8765706291215317
26831,0.05107745631069746,0.14017248862817916,0.8087500550611234
26832,0.029040211435450797,0.07717379777878172,0.8937859907857674
26833,0.060308304477884274,0.13402909738731164,0.805662598134804
26834,0.05438006575663327,0.13536393291963736,0.8102560013237293
26835,0.6514098462451411,0.09309720034458815,0.2554929534102709
26836,0.12188855070189603,0.31820873450963266,0.5599027147884712
26837,0.10603404830447279,0.09346909601564306,0.8004968556798842
26838,0.18227957920157042,0.22662489439481254,0.5910955264036171
26839,0.6255970010663688,0.08002141654413959,0.29438158238949164
26840,0.08598263600742585,0.17473706498716637,0.7392802990054079
26841,0.0456076750315507,0.07146349196045002,0.8829288330079992
26842,0.055250517752290874,0.23595348527660065,0.7087959969711084
26843,0.09425855881718843,0.14269521968996654,0.763046221492845
26844,0.052172142193573516,0.6883939793764094,0.2594338784300171
26845,0.4603827964318777,0.0772646036758125,0.4623525998923099
26846,0.05258951557336282,0.11394126007562452,0.8334692243510126
26847,0.10385212426184427,0.20268406658840624,0.6934638091497495
26848,0.18932205052358536,0.10977416794746751,0.7009037815289471
26849,0.29248364100053575,0.16624947989039862,0.5412668791090657
26850,0.10577617956358167,0.2247448320703432,0.6694789883660751
26851,0.09585936057953509,0.13651258869396374,0.7676280507265011
26852,0.05489180536798504,0.6373967665064815,0.3077114281255333
26853,0.04675997846180093,0.0784110904980058,0.8748289310401934
26854,0.08428422767093509,0.9029643047434772,0.012751467585587614
26855,0.06381958398594412,0.18508941615816754,0.7510909998558883
26856,0.1267657078165792,0.09401019710628537,0.7792240950771355
26857,0.06728337985686084,0.43022053696662543,0.5024960831765138
26858,0.03161169215951399,0.8422166212457134,0.12617168659477274
26859,0.04264371879709572,0.6237279382291522,0.3336283429737521
26860,0.04350340787098478,0.7055827465532992,0.2509138455757161
26861,0.07066748123087842,0.24020833061650854,0.6891241881526131
26862,0.0644466142343287,0.09238758872555464,0.8431657970401167
26863,0.04697736822448578,0.12738661687674166,0.8256360148987726
26864,0.07918896994937563,0.2777668564135462,0.6430441736370781
26865,0.05195358318509981,0.20144250408085762,0.7466039127340427
26866,0.053473621269612095,0.1549744274027338,0.7915519513276541
26867,0.054570366514532426,0.08250468629621024,0.8629249471892575
26868,0.05415550350979195,0.09755607553953334,0.848288420950675
26869,0.03384356865405185,0.04959488545459122,0.916561545891357
26870,0.04425264064265777,0.7562672228181724,0.19948013653916988
26871,0.43771368455396165,0.11445102749152469,0.4478352879545137
26872,0.04507568274017554,0.09606948779159917,0.8588548294682253
26873,0.05782630929586198,0.1701247614032234,0.7720489293009145
26874,0.059544208811198186,0.3838927643029132,0.5565630268858887
26875,0.10320340309489967,0.19528504636535357,0.7015115505397467
26876,0.044545265067108895,0.06761774400685687,0.8878369909260343
26877,0.05177450392652264,0.0798359402628703,0.8683895558106071
26878,0.11040719757344619,0.1363929461187146,0.7531998563078391
26879,0.07199562225811651,0.22615170655010672,0.7018526711917767
26880,0.12664066590321996,0.09543193286032993,0.7779274012364502
26881,0.03487125768973949,0.09202141443640603,0.8731073278738547
26882,0.5598532091642349,0.09210346180526767,0.34804332903049756
26883,0.047278046516533216,0.09293615104870802,0.8597858024347588
26884,0.06514657514480973,0.39911991695570403,0.5357335078994863
26885,0.12557583271844616,0.13355070582283643,0.7408734614587172
26886,0.038438593531717614,0.08363585364939075,0.8779255528188917
26887,0.057682362482947794,0.11704372898456933,0.8252739085324828
26888,0.1375030318762224,0.17052795707175622,0.6919690110520211
26889,0.04119298128832475,0.07723175244295173,0.8815752662687234
26890,0.061376276325441605,0.25427865924856996,0.6843450644259885
26891,0.05322736501739965,0.5871453640371248,0.35962727094547553
26892,0.06194031524130695,0.09889646743621672,0.8391632173224765
26893,0.04590878237415488,0.06821396313627309,0.8858772544895719
26894,0.053536752157639936,0.12198356480170423,0.8244796830406558
26895,0.08231117787136785,0.41870060362374506,0.49898821850488706
26896,0.06264225261866421,0.08987493994217999,0.8474828074391557
26897,0.05926389469114331,0.17075456817736173,0.7699815371314949
26898,0.042837877658172506,0.07428267455198341,0.882879447789844
26899,0.11003515069342135,0.14048155771103438,0.7494832915955443
26900,0.05670050216087736,0.19577825808783172,0.7475212397512909
26901,0.0709603710510215,0.25430839612836664,0.6747312328206119
26902,0.0434172346210895,0.05465162545336507,0.9019311399255454
26903,0.06577710294154691,0.2156188366526689,0.7186040604057843
26904,0.6428889899440557,0.33050894192931524,0.026602068126629033
26905,0.05591307884660817,0.10899332382487346,0.8350935973285184
26906,0.04293329080781038,0.10124838943647936,0.8558183197557104
26907,0.0328275396198555,0.05597961243315019,0.9111928479469943
26908,0.04848216372699091,0.12054848209472414,0.830969354178285
26909,0.05333566947901486,0.6128519454114914,0.33381238510949396
26910,0.09924381620840089,0.20048401007197325,0.700272173719626
26911,0.05376165587860129,0.08609529288746512,0.8601430512339338
26912,0.0451477703271327,0.09416301603061639,0.8606892136422508
26913,0.3032902094151688,0.14709196198016605,0.549617828604665
26914,0.052065767682607164,0.1444425987717245,0.8034916335456684
26915,0.09843838101856375,0.1367042844785972,0.764857334502839
26916,0.22154096928721614,0.7657529620606711,0.01270606865211278
26917,0.05511950569673868,0.1595474242950216,0.7853330700082397
26918,0.06348928422538068,0.1038260911833191,0.8326846245913002
26919,0.493777023315173,0.11340324024344217,0.39281973644138485
26920,0.057574124282895225,0.20802411809957538,0.7344017576175295
26921,0.048736955834391776,0.5877319552135631,0.3635310889520451
26922,0.07271806993996448,0.4684882175720217,0.4587937124880139
26923,0.042550600997697544,0.06637261742054577,0.8910767815817567
26924,0.05579728134352428,0.12557272198094224,0.8186299966755334
26925,0.04391869941439251,0.07799111283845009,0.8780901877471575
26926,0.09678770114744992,0.22851125136695566,0.6747010474855946
26927,0.0652063892005876,0.09850783722714303,0.8362857735722694
26928,0.06101058236719561,0.9257215746326535,0.013267843000151084
26929,0.04857637603254776,0.11346406079379724,0.8379595631736549
26930,0.04020764840155739,0.7152987263953401,0.2444936252031025
26931,0.15738590258922983,0.8215148056564672,0.021099291754303
26932,0.045468996281799394,0.6527548723649997,0.30177613135320086
26933,0.45812635421386655,0.10058036381973885,0.4412932819663945
26934,0.06669221862867791,0.09803003238220637,0.8352777489891158
26935,0.04830920780110263,0.1418591249479121,0.8098316672509853
26936,0.047010591569206256,0.10880655356168015,0.8441828548691136
26937,0.11325410430400314,0.1805906862456728,0.706155209450324
26938,0.19220833372999616,0.7917648687955166,0.016026797474487296
26939,0.6208540541554771,0.35088296304878486,0.028262982795738082
26940,0.10945028001480563,0.1380464300181766,0.7525032899670179
26941,0.0963295014153958,0.1958585917270516,0.7078119068575525
26942,0.05797741037531533,0.10688148447491247,0.8351411051497721
26943,0.054252631797406255,0.39478153853640985,0.5509658296661838
26944,0.06454519132847858,0.1019455545086026,0.8335092541629189
26945,0.08154737352534484,0.4478804056864673,0.4705722207881877
26946,0.040560156216589434,0.08409682021284638,0.875343023570564
26947,0.06944530395995527,0.15017915429947193,0.7803755417405729
26948,0.07875203251948622,0.3640644436643463,0.5571835238161674
26949,0.35308080584685875,0.12113012767377697,0.5257890664793643
26950,0.1833166854351308,0.14770153842079006,0.6689817761440792
26951,0.41721108975451754,0.3308411118611091,0.25194779838437337
26952,0.11604842487257165,0.20335481723565085,0.6805967578917775
26953,0.09737235282515617,0.07192330925719442,0.8307043379176493
26954,0.05524219389698576,0.13797169520026586,0.8067861109027482
26955,0.04336629192720564,0.6200350982186384,0.3365986098541559
26956,0.1482316441242651,0.2305734929555058,0.6211948629202291
26957,0.6814413137945763,0.09646154364106911,0.22209714256435464
26958,0.2605170354253371,0.11824852271712036,0.6212344418575426
26959,0.05972706563530709,0.13581588394160748,0.8044570504230854
26960,0.05942987138526368,0.18105227513167466,0.7595178534830618
26961,0.05341785680314894,0.12696165166682927,0.8196204915300216
26962,0.05509807355497961,0.6073694749671765,0.3375324514778438
26963,0.3970479363280098,0.1060276854257804,0.49692437824620994
26964,0.11085417027627492,0.14847602723835907,0.7406698024853661
26965,0.04072659508090821,0.6900109276111938,0.269262477307898
26966,0.06264225261866421,0.08987493994217999,0.8474828074391557
26967,0.0470540317799603,0.0938996463057829,0.8590463219142569
26968,0.1063822802211321,0.15927975022520488,0.7343379695536632
26969,0.052215777271837585,0.07112494449460088,0.8766592782335616
26970,0.05909282327755288,0.10642376102813367,0.8344834156943134
26971,0.07073367119539707,0.2562170360949335,0.6730492927096695
26972,0.14566618148415925,0.2909200673106927,0.563413751205148
26973,0.09578026481864285,0.18533341148194846,0.7188863236994086
26974,0.03658427425832503,0.06776775499871153,0.8956479707429635
26975,0.04442027171169205,0.0719826040174445,0.8835971242708633
26976,0.15208499662578687,0.8152083077395044,0.03270669563470883
26977,0.11068820706279679,0.18353490817066537,0.7057768847665378
26978,0.04385853066018748,0.11877337809831766,0.8373680912414948
26979,0.10317180549013145,0.24673288744328656,0.650095307066582
26980,0.05620754380638193,0.16836871958149313,0.7754237366121248
26981,0.07311133665441817,0.39814119394881553,0.5287474693967663
26982,0.05483234968153414,0.11695766823045234,0.8282099820880134
26983,0.09910105009804618,0.18078766886549033,0.7201112810364635
26984,0.060091123746370975,0.21269567663009406,0.7272131996235349
26985,0.07367043492391827,0.4473344508086181,0.47899511426746366
26986,0.09845089610455542,0.11800092602272075,0.7835481778727237
26987,0.04059575493182489,0.7463712383740594,0.21303300669411582
26988,0.1239215882174871,0.2727744718722581,0.6033039399102549
26989,0.048643768778455714,0.62520788573845,0.32614834548309435
26990,0.04194507328336127,0.07882195161714546,0.8792329750994932
26991,0.044006847295777134,0.07657691470587741,0.8794162379983456
26992,0.10289253975846277,0.6360525695458442,0.2610548906956931
26993,0.03396969426439633,0.07616247527765294,0.8898678304579506
26994,0.11652404194733366,0.13348362860668175,0.7499923294459846
26995,0.057328712210217035,0.20579987404308306,0.7368714137467
26996,0.04049916310950412,0.08017875931383746,0.8793220775766585
26997,0.22253983872514352,0.4196804627815661,0.3577796984932905
26998,0.5018962536488721,0.09628159395440825,0.4018221523967196
26999,0.5486240596108888,0.08321783721896658,0.3681581031701446
27000,0.06564851932662125,0.45875529913485075,0.475596181538528
27001,0.06522464631324687,0.30663544715935115,0.6281399065274019
27002,0.06153966896153125,0.23125575181213173,0.7072045792263372
27003,0.06490515234258565,0.12861045510164193,0.8064843925557724
27004,0.2631977181381592,0.13651237265445923,0.6002899092073816
27005,0.06202491998584422,0.2643465206626774,0.6736285593514786
27006,0.053834707415094656,0.08876705648931497,0.8573982360955904
27007,0.07481009903327464,0.7641494758136428,0.1610404251530825
27008,0.06346801342324544,0.21906047708436194,0.7174715094923925
27009,0.056788138626890174,0.1340578872068999,0.8091539741662098
27010,0.03557109309137844,0.0714523510787307,0.892976555829891
27011,0.12826498200426875,0.5315912723593968,0.34014374563633437
27012,0.05281309789384363,0.07633280409123555,0.8708540980149209
27013,0.20233421875964072,0.1311206980462997,0.6665450831940597
27014,0.10468432364907335,0.4557572822467819,0.43955839410414466
27015,0.08983935814438777,0.4585022638243674,0.4516583780312449
27016,0.05327936591047498,0.08349972927851848,0.8632209048110064
27017,0.058472234103974764,0.10331053375506673,0.8382172321409584
27018,0.12483903206273615,0.11227679036621768,0.7628841775710462
27019,0.0949321849268105,0.1689153550883989,0.7361524599847906
27020,0.05520775018444723,0.268457528544957,0.6763347212705957
27021,0.06822699613517426,0.3517748897355898,0.579998114129236
27022,0.03269888221316267,0.05523731740977546,0.9120638003770619
27023,0.16258347701101528,0.27807621347587125,0.5593403095131135
27024,0.10478292710349045,0.18743056963653992,0.7077865032599696
27025,0.24310436109216135,0.1056827327713188,0.6512129061365199
27026,0.041176506294898836,0.07737600314797263,0.8814474905571286
27027,0.11447487585154452,0.08795060063397421,0.7975745235144814
27028,0.5496490921289721,0.08790360555855796,0.36244730231246997
27029,0.04389048210549261,0.09595276893364633,0.8601567489608611
27030,0.17636293371826886,0.5153032396959425,0.3083338265857886
27031,0.47459353089698203,0.23881180422815446,0.2865946648748636
27032,0.38254417551214376,0.1378131939130822,0.4796426305747741
27033,0.06488282293870752,0.09884384688574495,0.8362733301755477
27034,0.09368048640357991,0.16202829714802192,0.7442912164483981
27035,0.6513695462863357,0.09366495169418809,0.2549655020194762
27036,0.1089718424280241,0.13157250693886305,0.7594556506331129
27037,0.2200085362843608,0.4372215612436254,0.34276990247201383
27038,0.05003732004622294,0.0709002128492052,0.8790624671045719
27039,0.21251993808792852,0.1509678370442518,0.6365122248678197
27040,0.0621360589823979,0.09313276406309548,0.8447311769545066
27041,0.03694732373320764,0.06727539783836507,0.8957772784284274
27042,0.19670620022755664,0.77751704658014,0.025776753192303364
27043,0.0501068571103469,0.07670771832946756,0.8731854245601857
27044,0.048632625451953695,0.08101703078785959,0.8703503437601867
27045,0.09149397191121329,0.13424819353113923,0.7742578345576475
27046,0.06602441988787398,0.11001732316461055,0.8239582569475156
27047,0.09549655396480129,0.5393344103058761,0.3651690357293226
27048,0.29911078173367484,0.6938107165899271,0.007078501676398047
27049,0.16625985048691772,0.427215424529442,0.40652472498364023
27050,0.04840003489618759,0.09934666254937825,0.8522533025544342
27051,0.10278200104425199,0.33593279230773765,0.5612852066480104
27052,0.045236756962575106,0.07282094480737768,0.8819422982300472
27053,0.05955425336552208,0.22669211082344404,0.7137536358110341
27054,0.0633467887721653,0.1137875498301559,0.8228656613976788
27055,0.20567122185506062,0.778999609579637,0.015329168565302415
27056,0.20794102321211777,0.7766773117697909,0.015381665018091302
27057,0.06941995914465916,0.4019442194813587,0.5286358213739821
27058,0.5300992036337943,0.11736713824659928,0.3525336581196064
27059,0.07837287266185322,0.13000798639414674,0.7916191409439998
27060,0.061399059475275575,0.12448446975013384,0.8141164707745905
27061,0.440314266104976,0.15534197444610176,0.40434375944892215
27062,0.19044405243758475,0.11168266792258663,0.6978732796398287
27063,0.04166037179795868,0.08223030873396206,0.8761093194680792
27064,0.036015342864944164,0.06365385584888371,0.9003308012861722
27065,0.0644620264643197,0.4443492108142334,0.49118876272144685
27066,0.03452968235722462,0.07779718441135469,0.8876731332314207
27067,0.05162979467135418,0.12057876658909183,0.827791438739554
27068,0.5560348404066697,0.09008413215931926,0.3538810274340111
27069,0.04277207234020797,0.08797588838386791,0.8692520392759241
27070,0.056279569846874024,0.07677686556530036,0.8669435645878254
27071,0.05325331277759523,0.07841973192621893,0.8683269552961858
27072,0.06947136440424968,0.25332657309782625,0.677202062497924
27073,0.10757115776664211,0.2051787811596338,0.6872500610737241
27074,0.1164763343274496,0.34945679987728373,0.5340668657952667
